1.468403e-18
3.231980e-19
1.106858e-18
4.822998e-19
1.646548e-18
3.301603e-19
1.601166e-18
1.439003e-18
8.130221e-19
1.299906e-18
1.107981e-18
1.465466e-18
1.133128e-18
1.277852e-18
1.112694e-18
1.267039e-18
4.767621e-19
1.625222e-19
1.113057e-18
1.574755e-18
7.991541e-19
1.285751e-18
3.203390e-19
8.061168e-19
1.295959e-18
4.810248e-19
3.168673e-19
8.133660e-19
6.432507e-19
4.860236e-19
4.808095e-19
1.133867e-18
1.603553e-18
3.180567e-19
4.919505e-19
4.842486e-19
4.849241e-19
6.318839e-19
4.829995e-19
7.995178e-19
1.446163e-18
9.765686e-19
4.840013e-19
1.278618e-18
9.500987e-19
1.603857e-19
1.314881e-18
3.210356e-19
7.856031e-19
6.293691e-19
